200
	00, 00, 00, 00, 00, 00, 00, 00,
	00, 00, 00, 00, 00, 00, 00, 00,
	00, 00, 00, 00, 00, 00, 00, 00,
	00, 00, 00, 00, 00, 00, 00, 00,
	00, 00, 00, 00, 00, 00, 00, 00,
	00, 00, 00, 00, 00, 00, 00, 00,
	00, 00, 00, 00, 00, 00, 00, 00,
	00, 00, 00, 00, 00, 00, 00, 00,
	00, 00, 00, 00, 00, 00, 00, 00,
	00, 00, 00, 00, 00, 00, 00, 00,
	00, 00, 00, 00, 00, 00, 00, 00,
	00, 00, 00, 00, 00, 00, 00, 00,
	00, 00, 00, 00, 00, 00, 00, 00,
	00, 00, 00, 00, 00, 00, 00, 00,
	00, 00, 00, 00, 00, 00, 00, 00,
	00, 00, 00, 00, 00, 00, 00, 00,
	00, 00, 00, 00, 00, 00, 00, 00,
	00, 00, 00, 00, 00, 00, 00, 00,
	00, 00, 00, 00, 00, 00, 00, 00,
	00, 00, 00, 00, 00, 00, 00, 00,
	00, 00, 00, 00, 00, 00, 00, 00,
	00, 00, 00, 00, 00, 00, 00, 00,
	00, 00, 00, 00, 00, 00, 00, 00,
	00, 00, 00, 00, 00, 00, 00, 00,
	00, 00, 00, 00, 00, 00, 00, 00,
	00, 00, 00, 00, 00, 00, 00, 00,
	00, 00, 00, 00, 00, 00, 00, 00,
	00, 00, 00, 00, 00, 00, 00, 00,
	00, 00, 00, 00, 00, 00, 00, 00,
	00, 00, 00, 00, 00, 00, 00, 00,
	00, 00, 00, 00, 00, 00, 00, 00,
	00, 00, 00, 00, 00, 00, 00, 07,
	00, 00, 00, 00, 00, 00, 00, 00,
	00, 00, 00, 00, 00, 00, 00, 00,
	00, 00, 00, 00, 00, 00, 00, 00,
	00, 00, 00, 00, 00, 00, 00, 00,
	00, 00, 00, 00, 00, 00, 00, 00,
	00, 00, 00, 00, 00, 00, 00, 00,
	00, 00, 00, 00, 00, 00, 00, 00,
	00, 00, 00, 00, 00, 00, 00, 00,
	00, 00, 00, 00, 00, 00, 00, 00,
	00, 00, 00, 00, 00, 00, 00, 00,
	00, 00, 00, 00, 00, 00, 00, 00,
	00, 00, 00, 00, 00, 00, 00, 00,
	00, 00, 00, 00, 00, 00, 00, 00,
	00, 00, 00, 00, 00, 00, 00, 00,
	00, 00, 00, 00, 00, 00, 00, 00,
	00, 00, 00, 00, 00, 00, 00, 00,
	00, 00, 00, 00, 00, 00, 00, 00,
	00, 00, 00, 00, 00, 00, 00, 00,
	00, 00, 00, 00, 00, 00, 00, 00,
	00, 00, 00, 00, 00, 00, 00, 00,
	00, 00, 00, 00, 00, 00, 00, 00,
	00, 00, 00, 00, 00, 00, 00, 00,
	00, 00, 00, 00, 00, 00, 00, 00,
	00, 00, 00, 00, 00, 00, 00, 00,
	00, 00, 00, 00, 00, 00, 00, 00,
	00, 00, 00, 00, 00, 00, 00, 00,
	00, 00, 00, 00, 00, 00, 00, 00,
	00, 00, 00, 00, 00, 00, 00, 00,
	00, 00, 00, 00, 00, 00, 00, 00,
	00, 00, 00, 00, 00, 00, 00, 00,
	00, 00, 00, 00, 00, 00, 00, 00,
	00, 00, 00, 1c, 00, 3c, 3f, 3f,
	00, 00, 00, 00, 00, 00, 00, 00,
	00, 00, 00, 00, 00, 00, 00, 00,
	00, 00, 00, 00, 00, 00, 00, 00,
	00, 00, 00, 00, 00, 00, 00, 00,
	00, 00, 00, 00, 00, 00, 00, 00,
	00, 00, 00, 00, 00, 00, 00, 00,
	00, 00, 00, 00, 00, 00, 00, 00,
	00, 00, 00, 00, 00, 00, 00, 00,
	00, 00, 00, 00, 00, 00, 00, 00,
	00, 00, 00, 00, 00, 00, 00, 00,
	00, 00, 00, 00, 00, 00, 00, 00,
	00, 00, 00, 00, 00, 00, 00, 00,
	00, 00, 00, 00, 00, 00, 00, 00,
	00, 00, 00, 00, 00, 00, 00, 00,
	00, 00, 00, 00, 00, 00, 00, 00,
	00, 00, 00, 00, 00, 00, 00, 00,
	00, 00, 00, 00, 00, 00, 00, 00,
	00, 00, 00, 00, 00, 00, 00, 00,
	00, 00, 00, 00, 00, 00, 00, 00,
	00, 00, 00, 00, 00, 00, 00, 00,
	00, 00, 00, 00, 00, 00, 00, 00,
	00, 00, 00, 00, 00, 00, 00, 00,
	00, 00, 00, 00, 00, 00, 00, 00,
	00, 00, 00, 00, 00, 00, 00, 00,
	00, 00, 00, 00, 00, 00, 00, 00,
	00, 00, 00, 00, 00, 00, 00, 00,
	00, 00, 00, 00, 00, 00, 00, 00,
	00, 00, 00, 00, 00, 00, 00, 00,
	00, 00, 00, 00, 00, 00, 00, 00,
	00, 00, 00, 00, 00, 00, 00, 00,
	00, 00, 00, 00, 00, 00, 00, 00,
	00, 00, 00, 00, 00, 0c, 5e, 5f,
	00, 00, 00, 00, 00, 00, 00, 00,
	00, 00, 00, 00, 00, 00, 00, 00,
	00, 00, 00, 00, 00, 00, 00, 00,
	00, 00, 00, 00, 00, 00, 00, 00,
	00, 00, 00, 00, 00, 00, 00, 00,
	00, 00, 00, 00, 00, 00, 00, 00,
	00, 00, 00, 00, 00, 00, 00, 00,
	00, 00, 00, 00, 00, 00, 00, 00,
	00, 00, 00, 00, 00, 00, 00, 00,
	00, 00, 00, 00, 00, 00, 00, 00,
	00, 00, 00, 00, 00, 00, 00, 00,
	00, 00, 00, 00, 00, 00, 00, 00,
	00, 00, 00, 00, 00, 00, 00, 00,
	00, 00, 00, 00, 00, 00, 00, 00,
	00, 00, 00, 00, 00, 00, 00, 40,
	00, 00, 00, 40, 40, 60, 60, 6f,
	00, 00, 00, 00, 00, 00, 00, 00,
	00, 00, 00, 00, 00, 00, 00, 00,
	00, 00, 00, 00, 00, 00, 00, 00,
	00, 00, 00, 00, 00, 00, 00, 40,
	00, 00, 00, 00, 00, 00, 00, 00,
	00, 00, 00, 00, 00, 00, 40, 40,
	00, 00, 00, 40, 40, 40, 40, 60,
	40, 40, 60, 60, 60, 60, 70, 77,
	00, 00, 00, 00, 00, 40, 40, 40,
	40, 40, 40, 40, 40, 60, 60, 60,
	40, 40, 40, 60, 60, 60, 60, 70,
	60, 60, 60, 70, 70, 70, 78, 7b,
	60, 60, 60, 70, 60, 70, 70, 70,
	70, 70, 70, 78, 78, 78, 78, 7c,
	78, 78, 78, 7c, 78, 7c, 7c, 7e,
	7c, 7e, 7e, 7f, 7f, 7f, 7f, 7f,
	00, 00, 00, 00, 00, 00, 00, 00,
	00, 00, 00, 00, 00, 00, 00, 00,
	00, 00, 00, 00, 00, 00, 00, 00,
	00, 00, 00, 00, 00, 00, 00, 00,
	00, 00, 00, 00, 00, 00, 00, 00,
	00, 00, 00, 00, 00, 00, 00, 00,
	00, 00, 00, 00, 00, 00, 00, 00,
	00, 00, 00, 00, 00, 00, 00, 00,
	00, 00, 00, 00, 00, 00, 00, 00,
	00, 00, 00, 00, 00, 00, 00, 00,
	00, 00, 00, 00, 00, 00, 00, 00,
	00, 00, 00, 00, 00, 00, 00, 00,
	00, 00, 00, 00, 00, 00, 00, 00,
	00, 00, 00, 00, 00, 00, 00, 00,
	00, 00, 00, 00, 00, 00, 00, 00,
	00, 00, 00, 00, 00, 00, 00, 80,
	00, 00, 00, 00, 00, 00, 00, 00,
	00, 00, 00, 00, 00, 00, 00, 00,
	00, 00, 00, 00, 00, 00, 00, 00,
	00, 00, 00, 00, 00, 00, 00, 00,
	00, 00, 00, 00, 00, 00, 00, 00,
	00, 00, 00, 00, 00, 00, 00, 00,
	00, 00, 00, 00, 00, 00, 00, 00,
	00, 00, 00, 00, 00, 80, 80, 80,
	00, 00, 00, 00, 00, 00, 00, 00,
	00, 00, 00, 00, 00, 00, 00, 80,
	00, 00, 00, 00, 00, 00, 00, 80,
	00, 00, 80, 80, 80, 80, 80, 80,
	00, 00, 00, 80, 80, 80, 80, 80,
	80, 80, 80, 80, 80, 80, 80, 80,
	80, 80, 80, 80, 80, 80, 80, 80,
	80, 80, 80, 80, 80, 80, 8e, 9f,
	00, 00, 00, 00, 00, 00, 00, 00,
	00, 00, 00, 00, 00, 00, 00, 00,
	00, 00, 00, 00, 00, 00, 00, 00,
	00, 00, 00, 00, 00, 00, 00, 80,
	00, 00, 00, 00, 00, 00, 00, 00,
	00, 00, 00, 80, 00, 80, 80, 80,
	00, 00, 80, 80, 80, 80, 80, 80,
	80, 80, 80, 80, 80, 80, 80, 80,
	00, 00, 00, 80, 00, 80, 80, 80,
	80, 80, 80, 80, 80, 80, 80, 80,
	80, 80, 80, 80, 80, 80, 80, 80,
	80, 80, 80, 80, 80, 80, 80, 80,
	80, 80, 80, 80, 80, 80, 80, 80,
	80, 80, 80, 80, 80, 80, 80, 80,
	80, 80, 80, 80, 80, 80, 80, 80,
	80, 80, 80, 80, 80, 80, 80, af,
	80, 80, 80, 80, 80, 80, 80, 80,
	80, 80, 80, 80, 80, 80, 80, 80,
	80, 80, 80, 80, 80, 80, 80, 80,
	80, 80, 80, 80, 80, 80, 80, 80,
	80, 80, 80, 80, 80, 80, 80, 80,
	80, 80, 80, 80, 80, 80, 80, 80,
	80, 80, 80, 80, 80, 80, 80, 80,
	80, 80, 80, a0, a0, a0, a0, b7,
	80, 80, 80, 80, 80, 80, 80, 80,
	80, 80, 80, 80, 80, 80, 80, a0,
	80, 80, 80, 80, 80, 80, a0, a0,
	a0, a0, a0, b0, a0, b0, b0, bb,
	a0, a0, a0, a0, a0, a0, b0, b0,
	a0, b0, b0, b8, b0, b8, b8, bc,
	b0, b8, b8, b8, b8, bc, bc, be,
	bc, bc, be, bf, be, bf, bf, bf,
	80, 80, 80, 80, 80, 80, 80, 80,
	80, 80, 80, 80, 80, 80, 80, 80,
	80, 80, 80, 80, 80, 80, 80, 80,
	80, 80, 80, 80, 80, 80, 80, 80,
	80, 80, 80, 80, 80, 80, 80, 80,
	80, 80, 80, 80, 80, 80, 80, 80,
	80, 80, 80, 80, 80, 80, 80, 80,
	80, 80, 80, 80, 80, 80, c0, c0,
	80, 80, 80, 80, 80, 80, 80, 80,
	80, 80, 80, 80, 80, 80, 80, 80,
	80, 80, 80, 80, 80, 80, 80, c0,
	80, 80, c0, c0, c0, c0, c0, c0,
	80, 80, 80, c0, 80, c0, c0, c0,
	c0, c0, c0, c0, c0, c0, c0, c0,
	c0, c0, c0, c0, c0, c0, c0, c0,
	c0, c0, c0, c0, c0, c0, c0, cf,
	80, 80, 80, 80, 80, 80, c0, c0,
	c0, 80, c0, c0, c0, c0, c0, c0,
	c0, c0, c0, c0, c0, c0, c0, c0,
	c0, c0, c0, c0, c0, c0, c0, c0,
	c0, c0, c0, c0, c0, c0, c0, c0,
	c0, c0, c0, c0, c0, c0, c0, c0,
	c0, c0, c0, c0, c0, c0, c0, c0,
	c0, c0, c0, c0, c0, c0, c0, d7,
	c0, c0, c0, c0, c0, c0, c0, c0,
	c0, c0, c0, c0, c0, c0, c0, c0,
	c0, c0, c0, c0, c0, c0, c0, c0,
	c0, c0, c0, c0, c0, d0, d0, d9,
	c0, c0, c0, c0, c0, c0, c0, d0,
	c0, d0, d0, d0, d0, d8, d8, dc,
	d0, d0, d8, d8, d8, dc, dc, de,
	dc, dc, de, df, de, df, df, df,
	c0, c0, c0, c0, c0, c0, c0, c0,
	c0, c0, c0, c0, c0, c0, c0, c0,
	c0, c0, c0, c0, c0, c0, c0, c0,
	c0, c0, c0, e0, c0, e0, e0, e0,
	c0, c0, c0, c0, c0, c0, c0, e0,
	c0, c0, e0, e0, e0, e0, e0, e0,
	e0, e0, e0, e0, e0, e0, e0, e0,
	e0, e0, e0, e0, e0, e0, e0, e7,
	e0, e0, e0, e0, e0, e0, e0, e0,
	e0, e0, e0, e0, e0, e0, e0, e0,
	e0, e0, e0, e0, e0, e0, e0, e0,
	e0, e0, e0, e0, e0, e0, e0, e8,
	e0, e0, e0, e0, e0, e0, e0, e0,
	e0, e0, e0, e0, e0, e0, e8, ec,
	e0, e0, e0, e8, e8, e8, ec, ee,
	ec, ec, ec, ee, ee, ef, ef, ef,
	e0, e0, e0, e0, e0, e0, e0, e0,
	e0, e0, e0, e0, e0, f0, f0, f0,
	e0, e0, f0, f0, f0, f0, f0, f0,
	f0, f0, f0, f0, f0, f0, f0, f0,
	f0, f0, f0, f0, f0, f0, f0, f0,
	f0, f0, f0, f0, f0, f0, f0, f4,
	f0, f0, f0, f0, f0, f0, f0, f4,
	f0, f4, f4, f6, f6, f7, f7, f7,
	f0, f0, f0, f8, f0, f8, f8, f8,
	f8, f8, f8, f8, f8, f8, f8, f8,
	f8, f8, f8, f8, f8, f8, f8, f8,
	f8, f8, f8, fa, fa, fb, fb, fb,
	f8, fc, fc, fc, fc, fc, fc, fc,
	fc, fc, fc, fc, fc, fd, fd, fd,
	fe, fe, fe, fe, fe, fe, fe, fe,
	ff, ff, ff, ff, ff, ff, ff, ff,
	ff, ff, ff, ff, ff, ff, ff, ff,
	fe, fe, fe, fe, fe, fe, fe, fc,
	fd, fd, fd, fc, fc, fc, fc, fc,
	fc, fc, fc, fc, fc, fc, fc, f8,
	fb, fb, fb, fa, fa, f8, f8, f8,
	f8, f8, f8, f8, f8, f8, f8, f8,
	f8, f8, f8, f8, f8, f8, f8, f8,
	f8, f8, f8, f0, f0, f0, f0, f0,
	f7, f7, f7, f6, f6, f4, f4, f0,
	f4, f0, f0, f0, f0, f0, f0, f0,
	f4, f0, f0, f0, f0, f0, f0, f0,
	f0, f0, f0, f0, f0, f0, f0, f0,
	f0, f0, f0, f0, f0, f0, f0, f0,
	f0, f0, f0, f0, f0, f0, e0, e0,
	f0, f0, f0, e0, e0, e0, e0, e0,
	e0, e0, e0, e0, e0, e0, e0, e0,
	ef, ef, ef, ee, ee, ec, ec, e8,
	ee, ec, e8, e8, e8, e0, e0, e0,
	ec, e8, e0, e0, e0, e0, e0, e0,
	e0, e0, e0, e0, e0, e0, e0, e0,
	e8, e0, e0, e0, e0, e0, e0, e0,
	e0, e0, e0, e0, e0, e0, e0, e0,
	e0, e0, e0, e0, e0, e0, e0, e0,
	e0, e0, e0, e0, e0, e0, e0, e0,
	e7, e0, e0, e0, e0, e0, e0, e0,
	e0, e0, e0, e0, e0, e0, e0, e0,
	e0, e0, e0, e0, e0, e0, c0, c0,
	e0, c0, c0, c0, c0, c0, c0, c0,
	e0, e0, e0, c0, c0, c0, c0, c0,
	c0, c0, c0, c0, c0, c0, c0, c0,
	c0, c0, c0, c0, c0, c0, c0, c0,
	c0, c0, c0, c0, c0, c0, c0, c0,
	df, df, df, de, df, de, dc, dc,
	de, dc, dc, d8, d8, d8, d0, d0,
	dc, d8, d8, d0, d0, d0, d0, c0,
	d0, c0, c0, c0, c0, c0, c0, c0,
	d9, d0, d0, c0, c0, c0, c0, c0,
	c0, c0, c0, c0, c0, c0, c0, c0,
	c0, c0, c0, c0, c0, c0, c0, c0,
	c0, c0, c0, c0, c0, c0, c0, c0,
	d7, c0, c0, c0, c0, c0, c0, c0,
	c0, c0, c0, c0, c0, c0, c0, c0,
	c0, c0, c0, c0, c0, c0, c0, c0,
	c0, c0, c0, c0, c0, c0, c0, c0,
	c0, c0, c0, c0, c0, c0, c0, c0,
	c0, c0, c0, c0, c0, c0, c0, c0,
	c0, c0, c0, c0, c0, c0, c0, 80,
	c0, c0, c0, 80, 80, 80, 80, 80,
	cf, c0, c0, c0, c0, c0, c0, c0,
	c0, c0, c0, c0, c0, c0, c0, c0,
	c0, c0, c0, c0, c0, c0, c0, c0,
	c0, c0, c0, 80, c0, 80, 80, 80,
	c0, c0, c0, c0, c0, c0, 80, 80,
	c0, 80, 80, 80, 80, 80, 80, 80,
	80, 80, 80, 80, 80, 80, 80, 80,
	80, 80, 80, 80, 80, 80, 80, 80,
	c0, c0, c0, 80, 80, 80, 80, 80,
	80, 80, 80, 80, 80, 80, 80, 80,
	80, 80, 80, 80, 80, 80, 80, 80,
	80, 80, 80, 80, 80, 80, 80, 80,
	80, 80, 80, 80, 80, 80, 80, 80,
	80, 80, 80, 80, 80, 80, 80, 80,
	80, 80, 80, 80, 80, 80, 80, 80,
	80, 80, 80, 80, 80, 80, 80, 80,
	bf, bf, bf, be, bf, be, bc, bc,
	be, bc, bc, b8, b8, b8, b8, b0,
	bc, b8, b8, b0, b8, b0, b0, b0,
	b0, b0, a0, a0, a0, a0, a0, a0,
	bb, b0, b0, a0, b0, a0, a0, a0,
	a0, a0, a0, 80, 80, 80, 80, 80,
	a0, 80, 80, 80, 80, 80, 80, 80,
	80, 80, 80, 80, 80, 80, 80, 80,
	b7, b0, a0, a0, a0, 80, 80, 80,
	80, 80, 80, 80, 80, 80, 80, 80,
	80, 80, 80, 80, 80, 80, 80, 80,
	80, 80, 80, 80, 80, 80, 80, 80,
	80, 80, 80, 80, 80, 80, 80, 80,
	80, 80, 80, 80, 80, 80, 80, 80,
	80, 80, 80, 80, 80, 80, 80, 80,
	80, 80, 80, 80, 80, 80, 80, 80,
	af, 80, 80, 80, 80, 80, 80, 80,
	80, 80, 80, 80, 80, 80, 80, 80,
	80, 80, 80, 80, 80, 80, 80, 80,
	80, 80, 80, 80, 80, 80, 80, 80,
	80, 80, 80, 80, 80, 80, 80, 80,
	80, 80, 80, 80, 80, 80, 80, 80,
	80, 80, 80, 80, 80, 80, 80, 80,
	80, 80, 80, 00, 80, 00, 00, 00,
	80, 80, 80, 80, 80, 80, 80, 80,
	80, 80, 80, 80, 80, 80, 00, 00,
	80, 80, 00, 00, 80, 00, 00, 00,
	00, 00, 00, 00, 00, 00, 00, 00,
	80, 80, 00, 00, 00, 00, 00, 00,
	00, 00, 00, 00, 00, 00, 00, 00,
	00, 00, 00, 00, 00, 00, 00, 00,
	00, 00, 00, 00, 00, 00, 00, 00,
	9f, 9e, 88, 80, 80, 80, 80, 80,
	80, 80, 80, 80, 80, 80, 80, 80,
	80, 80, 80, 80, 80, 80, 80, 80,
	80, 80, 80, 80, 80, 00, 00, 00,
	80, 80, 80, 80, 80, 00, 00, 00,
	80, 00, 00, 00, 00, 00, 00, 00,
	80, 00, 00, 00, 00, 00, 00, 00,
	00, 00, 00, 00, 00, 00, 00, 00,
	80, 80, 80, 00, 80, 00, 00, 00,
	00, 00, 00, 00, 00, 00, 00, 00,
	00, 00, 00, 00, 00, 00, 00, 00,
	00, 00, 00, 00, 00, 00, 00, 00,
	00, 00, 00, 00, 00, 00, 00, 00,
	00, 00, 00, 00, 00, 00, 00, 00,
	00, 00, 00, 00, 00, 00, 00, 00,
	00, 00, 00, 00, 00, 00, 00, 00,
	80, 00, 00, 00, 00, 00, 00, 00,
	00, 00, 00, 00, 00, 00, 00, 00,
	00, 00, 00, 00, 00, 00, 00, 00,
	00, 00, 00, 00, 00, 00, 00, 00,
	00, 00, 00, 00, 00, 00, 00, 00,
	00, 00, 00, 00, 00, 00, 00, 00,
	00, 00, 00, 00, 00, 00, 00, 00,
	00, 00, 00, 00, 00, 00, 00, 00,
	00, 00, 00, 00, 00, 00, 00, 00,
	00, 00, 00, 00, 00, 00, 00, 00,
	00, 00, 00, 00, 00, 00, 00, 00,
	00, 00, 00, 00, 00, 00, 00, 00,
	00, 00, 00, 00, 00, 00, 00, 00,
	00, 00, 00, 00, 00, 00, 00, 00,
	00, 00, 00, 00, 00, 00, 00, 00,
	00, 00, 00, 00, 00, 00, 00, 00,
	7f, 7f, 7f, 7f, 7f, 7e, 7e, 7c,
	7e, 7c, 7c, 78, 7c, 78, 78, 78,
	7c, 78, 78, 78, 78, 70, 70, 70,
	78, 70, 70, 60, 70, 60, 60, 60,
	7b, 78, 70, 70, 70, 60, 60, 60,
	70, 60, 60, 60, 60, 40, 40, 40,
	60, 60, 60, 40, 40, 40, 40, 40,
	40, 40, 40, 00, 40, 00, 00, 00,
	77, 70, 60, 60, 60, 60, 40, 40,
	60, 40, 40, 40, 40, 00, 00, 00,
	40, 40, 40, 00, 00, 00, 00, 00,
	00, 00, 00, 00, 00, 00, 00, 00,
	40, 00, 00, 00, 00, 00, 00, 00,
	00, 00, 00, 00, 00, 00, 00, 00,
	00, 00, 00, 00, 00, 00, 00, 00,
	00, 00, 00, 00, 00, 00, 00, 00,
	6f, 64, 60, 40, 40, 00, 00, 00,
	40, 00, 00, 00, 00, 00, 00, 00,
	00, 00, 00, 00, 00, 00, 00, 00,
	00, 00, 00, 00, 00, 00, 00, 00,
	00, 00, 00, 00, 00, 00, 00, 00,
	00, 00, 00, 00, 00, 00, 00, 00,
	00, 00, 00, 00, 00, 00, 00, 00,
	00, 00, 00, 00, 00, 00, 00, 00,
	00, 00, 00, 00, 00, 00, 00, 00,
	00, 00, 00, 00, 00, 00, 00, 00,
	00, 00, 00, 00, 00, 00, 00, 00,
	00, 00, 00, 00, 00, 00, 00, 00,
	00, 00, 00, 00, 00, 00, 00, 00,
	00, 00, 00, 00, 00, 00, 00, 00,
	00, 00, 00, 00, 00, 00, 00, 00,
	00, 00, 00, 00, 00, 00, 00, 00,
	5f, 5e, 4c, 00, 00, 00, 00, 00,
	00, 00, 00, 00, 00, 00, 00, 00,
	00, 00, 00, 00, 00, 00, 00, 00,
	00, 00, 00, 00, 00, 00, 00, 00,
	00, 00, 00, 00, 00, 00, 00, 00,
	00, 00, 00, 00, 00, 00, 00, 00,
	00, 00, 00, 00, 00, 00, 00, 00,
	00, 00, 00, 00, 00, 00, 00, 00,
	00, 00, 00, 00, 00, 00, 00, 00,
	00, 00, 00, 00, 00, 00, 00, 00,
	00, 00, 00, 00, 00, 00, 00, 00,
	00, 00, 00, 00, 00, 00, 00, 00,
	00, 00, 00, 00, 00, 00, 00, 00,
	00, 00, 00, 00, 00, 00, 00, 00,
	00, 00, 00, 00, 00, 00, 00, 00,
	00, 00, 00, 00, 00, 00, 00, 00,
	00, 00, 00, 00, 00, 00, 00, 00,
	00, 00, 00, 00, 00, 00, 00, 00,
	00, 00, 00, 00, 00, 00, 00, 00,
	00, 00, 00, 00, 00, 00, 00, 00,
	00, 00, 00, 00, 00, 00, 00, 00,
	00, 00, 00, 00, 00, 00, 00, 00,
	00, 00, 00, 00, 00, 00, 00, 00,
	00, 00, 00, 00, 00, 00, 00, 00,
	00, 00, 00, 00, 00, 00, 00, 00,
	00, 00, 00, 00, 00, 00, 00, 00,
	00, 00, 00, 00, 00, 00, 00, 00,
	00, 00, 00, 00, 00, 00, 00, 00,
	00, 00, 00, 00, 00, 00, 00, 00,
	00, 00, 00, 00, 00, 00, 00, 00,
	00, 00, 00, 00, 00, 00, 00, 00,
	00, 00, 00, 00, 00, 00, 00, 00,
	3f, 3f, 3e, 00, 1c, 00, 00, 00,
	00, 00, 00, 00, 00, 00, 00, 00,
	00, 00, 00, 00, 00, 00, 00, 00,
	00, 00, 00, 00, 00, 00, 00, 00,
	00, 00, 00, 00, 00, 00, 00, 00,
	00, 00, 00, 00, 00, 00, 00, 00,
	00, 00, 00, 00, 00, 00, 00, 00,
	00, 00, 00, 00, 00, 00, 00, 00,
	00, 00, 00, 00, 00, 00, 00, 00,
	00, 00, 00, 00, 00, 00, 00, 00,
	00, 00, 00, 00, 00, 00, 00, 00,
	00, 00, 00, 00, 00, 00, 00, 00,
	00, 00, 00, 00, 00, 00, 00, 00,
	00, 00, 00, 00, 00, 00, 00, 00,
	00, 00, 00, 00, 00, 00, 00, 00,
	00, 00, 00, 00, 00, 00, 00, 00,
	00, 00, 00, 00, 00, 00, 00, 00,
	00, 00, 00, 00, 00, 00, 00, 00,
	00, 00, 00, 00, 00, 00, 00, 00,
	00, 00, 00, 00, 00, 00, 00, 00,
	00, 00, 00, 00, 00, 00, 00, 00,
	00, 00, 00, 00, 00, 00, 00, 00,
	00, 00, 00, 00, 00, 00, 00, 00,
	00, 00, 00, 00, 00, 00, 00, 00,
	00, 00, 00, 00, 00, 00, 00, 00,
	00, 00, 00, 00, 00, 00, 00, 00,
	00, 00, 00, 00, 00, 00, 00, 00,
	00, 00, 00, 00, 00, 00, 00, 00,
	00, 00, 00, 00, 00, 00, 00, 00,
	00, 00, 00, 00, 00, 00, 00, 00,
	00, 00, 00, 00, 00, 00, 00, 00,
	00, 00, 00, 00, 00, 00, 00, 00,
	07, 00, 00, 00, 00, 00, 00, 00,
	00, 00, 00, 00, 00, 00, 00, 00,
	00, 00, 00, 00, 00, 00, 00, 00,
	00, 00, 00, 00, 00, 00, 00, 00,
	00, 00, 00, 00, 00, 00, 00, 00,
	00, 00, 00, 00, 00, 00, 00, 00,
	00, 00, 00, 00, 00, 00, 00, 00,
	00, 00, 00, 00, 00, 00, 00, 00,
	00, 00, 00, 00, 00, 00, 00, 00,
	00, 00, 00, 00, 00, 00, 00, 00,
	00, 00, 00, 00, 00, 00, 00, 00,
	00, 00, 00, 00, 00, 00, 00, 00,
	00, 00, 00, 00, 00, 00, 00, 00,
	00, 00, 00, 00, 00, 00, 00, 00,
	00, 00, 00, 00, 00, 00, 00, 00,
	00, 00, 00, 00, 00, 00, 00, 00,
	00, 00, 00, 00, 00, 00, 00, 00,
	00, 00, 00, 00, 00, 00, 00, 00,
	00, 00, 00, 00, 00, 00, 00, 00,
	00, 00, 00, 00, 00, 00, 00, 00,
	00, 00, 00, 00, 00, 00, 00, 00,
	00, 00, 00, 00, 00, 00, 00, 00,
	00, 00, 00, 00, 00, 00, 00, 00,
	00, 00, 00, 00, 00, 00, 00, 00,
	00, 00, 00, 00, 00, 00, 00, 00,
	00, 00, 00, 00, 00, 00, 00, 00,
	00, 00, 00, 00, 00, 00, 00, 00,
	00, 00, 00, 00, 00, 00, 00, 00,
	00, 00, 00, 00, 00, 00, 00, 00,
	00, 00, 00, 00, 00, 00, 00, 00,
	00, 00, 00, 00, 00, 00, 00, 00,
	00, 00, 00, 00, 00, 00, 00, 00

